label	predict	scores
-1	-1	-3.38586
-1	-1	-3.41874
-1	-1	-3.95544
-1	-1	-3.73984
-1	-1	-3.86675
-1	-1	-3.70036
-1	-1	-3.89213
-1	-1	-2.66953
-1	-1	-4.30295
-1	-1	-4.52927
-1	-1	-3.19965
-1	-1	-3.19412
-1	-1	-3.25966
-1	-1	-1.77324
-1	-1	-5.24956
-1	-1	-3.3732
-1	-1	-6.01042
-1	-1	-3.67121
-1	-1	-4.08339
-1	-1	-3.33288
-1	-1	-3.06071
-1	-1	-3.74093
-1	-1	-5.14189
-1	-1	-4.36128
-1	-1	-3.19415
-1	-1	-3.92254
-1	-1	-2.26232
-1	-1	-2.26328
-1	-1	-3.64096
-1	-1	-3.61554
-1	-1	-4.3855
-1	-1	-2.48147
-1	-1	-4.82253
-1	-1	-5.82276
-1	-1	-4.21699
-1	-1	-3.85136
-1	-1	-4.60978
-1	-1	-3.54389
-1	-1	-4.11992
-1	-1	-1.86295
-1	-1	-4.33346
-1	-1	-3.81736
-1	-1	-4.25593
-1	-1	-4.50545
-1	-1	-5.08165
-1	-1	-3.89998
-1	-1	-4.46686
-1	-1	-4.82685
-1	-1	-3.02309
-1	-1	-3.82959
-1	-1	-3.26996
-1	-1	-3.88696
-1	-1	-4.33109
-1	-1	-4.72076
-1	-1	-3.67146
-1	-1	-4.04507
-1	-1	-2.58919
-1	-1	-0.215804
-1	-1	-4.36128
-1	-1	-0.941868
-1	-1	-2.69043
-1	-1	-3.26996
-1	-1	-3.59753
-1	-1	-5.38715
-1	-1	-4.5719
-1	-1	-3.51337
-1	-1	-4.2653
-1	-1	-3.34828
-1	-1	-2.90194
-1	-1	-3.76424
-1	-1	-2.25445
-1	-1	-4.52927
-1	-1	-3.60956
-1	-1	-4.49362
-1	-1	-5.22631
-1	-1	-4.82253
-1	-1	-3.91144
-1	-1	-2.37672
-1	-1	-4.69817
-1	-1	-3.6099
-1	-1	-3.19855
-1	-1	-6.2347
-1	-1	-3.48253
-1	-1	-4.85233
-1	-1	-4.81029
-1	-1	-4.35037
-1	-1	-4.85648
-1	-1	-2.61785
-1	-1	-3.10574
-1	-1	-3.06551
-1	-1	-3.426
-1	-1	-2.49808
-1	-1	-4.51567
-1	-1	-4.94641
-1	-1	-3.86246
-1	-1	-3.89982
-1	-1	-2.27122
-1	-1	-3.40723
-1	-1	-3.65944
-1	-1	-4.84733
-1	-1	-3.94844
-1	-1	-4.5912
-1	-1	-2.75589
-1	-1	-2.41887
-1	-1	-2.91309
-1	-1	-4.26163
-1	-1	-3.84925
-1	-1	-3.89999
-1	-1	-1.58666
-1	-1	-3.56184
-1	-1	-1.86009
-1	-1	-3.35261
-1	-1	-3.93284
-1	-1	-5.23456
-1	-1	-4.35535
-1	-1	-3.2242
-1	-1	-4.27118
-1	-1	-4.26523
-1	-1	-2.76618
-1	-1	-4.87939
-1	-1	-4.27686
-1	-1	-3.80182
-1	-1	-3.92463
-1	-1	-2.73639
-1	-1	-2.70751
-1	-1	-2.84094
-1	-1	-3.30924
-1	-1	-4.63057
-1	-1	-2.07385
-1	-1	-6.11638
-1	-1	-3.81035
-1	-1	-3.05231
-1	-1	-4.87535
-1	-1	-3.97721
-1	-1	-3.54389
-1	-1	-5.45451
-1	-1	-3.90631
-1	-1	-4.39097
-1	-1	-5.38832
-1	-1	-3.88404
-1	-1	-2.5858
-1	-1	-1.90278
-1	-1	-2.15884
-1	-1	-2.57775
-1	-1	-4.93668
-1	-1	-4.3466
-1	-1	-4.03729
-1	-1	-5.11718
-1	-1	-4.08623
-1	-1	-2.61885
-1	-1	-4.11426
-1	-1	-5.12335
-1	-1	-2.47735
-1	-1	-0.947467
-1	-1	-2.2084
-1	-1	-3.90199
-1	-1	-1.47244
-1	-1	-4.5224
-1	-1	-4.72612
-1	-1	-4.74907
-1	-1	-4.07525
-1	-1	-4.25978
-1	-1	-3.44039
-1	-1	-3.47083
-1	-1	-4.57171
-1	-1	-1.59473
-1	-1	-1.58129
-1	-1	-4.49096
-1	-1	-4.51135
-1	-1	-3.24737
-1	-1	-4.31388
-1	-1	-4.02795
-1	-1	-2.07446
-1	-1	-2.91728
-1	-1	-1.75128
-1	-1	-2.36983
-1	-1	-4.76115
-1	-1	-2.08249
-1	-1	-3.88998
-1	-1	-3.91553
-1	-1	-3.3953
-1	-1	-5.11295
-1	-1	-2.46175
-1	-1	-2.33981
-1	-1	-4.64123
-1	-1	-4.96034
-1	-1	-2.78403
-1	-1	-4.21677
-1	-1	-5.97995
-1	-1	-3.55635
-1	-1	-1.60484
-1	-1	-4.27603
-1	-1	-3.22304
-1	-1	-1.52532
-1	-1	-4.13697
-1	-1	-2.72794
-1	-1	-4.28707
-1	-1	-3.68186
-1	-1	-3.90181
-1	-1	-3.06522
-1	-1	-4.24818
-1	-1	-5.9856
-1	-1	-2.33953
-1	-1	-4.06831
-1	-1	-3.77774
-1	-1	-5.30909
-1	-1	-3.41625
-1	-1	-2.01815
-1	-1	-4.4931
-1	-1	-2.3547
-1	-1	-5.07803
-1	-1	-4.55443
-1	-1	-4.6322
-1	-1	-4.2496
-1	-1	-0.908683
-1	-1	-3.26848
-1	-1	-4.42136
-1	-1	-3.56149
-1	-1	-2.69037
-1	-1	-3.35261
-1	-1	-3.85291
-1	-1	-3.06522
-1	-1	-2.61156
-1	-1	-3.018
-1	-1	-3.97725
-1	-1	-1.89463
-1	-1	-4.41607
-1	-1	-3.3958
-1	-1	-1.40959
-1	-1	-3.71542
-1	-1	-4.45562
-1	-1	-3.90692
-1	-1	-3.25222
-1	-1	-4.12626
-1	-1	-3.59351
-1	-1	-3.06551
-1	-1	-4.6346
-1	-1	-3.98745
-1	-1	-2.83939
-1	-1	-1.54573
-1	-1	-5.26775
-1	-1	-2.93183
-1	-1	-2.59204
-1	-1	-2.98646
-1	-1	-5.327
-1	-1	-4.07282
-1	-1	-5.03965
-1	-1	-2.39357
-1	-1	-3.20754
-1	-1	-4.28832
-1	-1	-3.16607
-1	-1	-1.45997
-1	-1	-3.24536
-1	-1	-5.04323
-1	-1	-7.18084
-1	-1	-4.51135
-1	-1	-4.89152
-1	-1	-3.16049
-1	-1	-4.11685
-1	-1	-3.86675
-1	-1	-1.37325
-1	-1	-4.6933
-1	-1	-6.25663
-1	-1	-3.54822
-1	-1	-3.53406
-1	-1	-3.79961
-1	-1	-3.13488
-1	-1	-2.34215
-1	-1	-2.69366
-1	-1	-4.0223
-1	-1	-4.18009
-1	-1	-2.58098
-1	-1	-5.0386
-1	-1	-4.35841
-1	-1	-4.48155
-1	-1	-4.5224
-1	-1	-0.875738
-1	-1	-4.07867
-1	-1	-3.98284
-1	-1	-5.75052
-1	-1	-2.80526
-1	-1	-6.42497
-1	-1	-2.39219
-1	-1	-2.92175
-1	-1	-5.34174
-1	-1	-3.95765
-1	-1	-2.68355
-1	-1	-1.22477
-1	-1	-3.7167
-1	-1	-4.21045
-1	-1	-3.44883
-1	-1	-4.34186
-1	-1	-1.12622
-1	-1	-4.72736
-1	-1	-3.33288
-1	-1	-2.39173
-1	-1	-4.71106
-1	-1	-4.85665
-1	-1	-3.40512
-1	-1	-1.08318
-1	-1	-3.68203
-1	-1	-4.22086
-1	-1	-5.33299
-1	-1	-3.68203
-1	-1	-3.93808
-1	-1	-4.13059
-1	-1	-3.78921
-1	-1	-5.10051
-1	-1	-1.98543
-1	-1	-3.71564
-1	-1	-1.95172
-1	-1	-3.75947
-1	-1	-3.51683
-1	-1	-4.60978
-1	-1	-3.74534
-1	-1	-3.30924
-1	-1	-1.78011
-1	-1	-2.97051
-1	-1	-3.37719
-1	-1	-4.39765
-1	-1	-3.07766
-1	-1	-2.9825
-1	-1	-3.71731
-1	-1	-3.67859
-1	-1	-2.5279
-1	-1	-4.31186
-1	-1	-3.2942
-1	-1	-1.71216
-1	-1	-4.09973
-1	-1	-4.83859
-1	-1	-4.85665
-1	-1	-4.56284
-1	-1	-2.87294
-1	-1	-1.226
-1	-1	-5.07646
-1	-1	-4.4873
-1	-1	-2.7818
-1	-1	-2.32152
-1	-1	-2.80203
-1	-1	-3.67285
-1	-1	-4.72708
-1	-1	-2.38214
-1	-1	-3.80326
-1	-1	-2.9882
-1	-1	-5.48656
-1	-1	-5.2759
-1	-1	-3.75329
-1	-1	-3.59441
-1	-1	-3.36467
-1	-1	-5.01943
-1	-1	-2.33226
-1	-1	-5.28433
-1	-1	-3.81675
-1	-1	-4.31072
-1	-1	-1.30038
-1	-1	-2.66886
-1	-1	-5.12353
-1	-1	-4.6933
-1	-1	-3.71279
-1	-1	-4.11408
-1	-1	-2.3547
-1	-1	-5.16837
-1	-1	-5.65902
-1	-1	-4.45502
-1	-1	-3.81674
-1	-1	-4.51135
-1	-1	-2.71022
-1	-1	-4.22003
-1	-1	-3.58609
-1	-1	-2.07251
-1	-1	-5.51345
-1	-1	-3.65927
-1	-1	-4.05869
-1	-1	-1.52891
-1	-1	-2.94779
-1	-1	-3.60379
-1	-1	-2.64591
-1	-1	-5.73065
-1	-1	-4.26302
-1	-1	-6.48351
-1	-1	-4.08623
-1	-1	-4.97485
-1	-1	-4.5364
-1	-1	-3.91793
-1	-1	-4.75276
-1	-1	-3.06892
-1	-1	-4.6933
-1	-1	-4.69817
-1	-1	-4.69817
-1	-1	-2.78731
-1	-1	-4.27327
-1	-1	-4.78258
-1	-1	-4.6238
-1	-1	-5.10349
-1	-1	-4.95393
-1	-1	-2.81096
-1	-1	-5.21034
-1	-1	-3.9336
-1	-1	-3.28489
-1	-1	-4.66569
-1	-1	-3.54917
-1	-1	-4.95544
-1	-1	-4.46497
-1	-1	-4.43993
-1	-1	-4.26561
-1	-1	-4.2215
-1	-1	-4.26435
-1	-1	-2.84015
-1	-1	-2.94539
-1	-1	-0.335323
-1	-1	-2.99188
-1	-1	-3.72673
-1	-1	-3.77704
-1	-1	-2.89149
-1	-1	-0.359441
-1	-1	-3.14039
-1	-1	-4.80533
-1	-1	-3.84925
-1	-1	-3.63868
-1	-1	-3.98762
-1	-1	-4.07867
-1	-1	-4.28291
-1	-1	-1.10693
-1	-1	-3.64096
-1	-1	-3.89999
-1	-1	-4.35069
-1	-1	-1.88518
-1	-1	-3.58607
-1	-1	-2.59464
-1	-1	-4.61214
-1	-1	-3.8855
-1	-1	-4.57902
-1	-1	-4.52889
-1	-1	-3.34219
-1	-1	-4.12626
-1	-1	-3.50195
-1	-1	-2.5439
-1	-1	-4.51135
-1	-1	-3.35261
-1	-1	-5.26442
-1	-1	-2.35365
-1	-1	-3.81808
-1	-1	-5.03824
-1	-1	-4.65768
-1	-1	-3.06456
-1	-1	-2.66213
-1	-1	-4.2653
-1	-1	-6.3352
-1	-1	-3.77674
-1	-1	-2.91712
-1	-1	-3.45454
-1	-1	-3.99393
-1	-1	-5.32419
-1	-1	-4.54414
-1	-1	-5.19455
-1	-1	-2.35365
-1	-1	-2.8657
-1	-1	-4.09382
-1	-1	-5.04681
-1	-1	-3.53406
-1	-1	-3.83427
-1	-1	-3.42667
-1	-1	-3.63459
-1	-1	-4.15078
-1	-1	-2.78368
-1	-1	-4.88783
-1	-1	-4.06726
-1	-1	-3.90631
-1	-1	-2.52772
-1	-1	-3.282
-1	-1	-3.9621
-1	-1	-3.55347
-1	-1	-4.6748
-1	-1	-3.34828
-1	-1	-2.6285
-1	-1	-4.43516
-1	-1	-4.27864
-1	-1	-3.90211
-1	-1	-3.90199
-1	-1	-3.49136
-1	-1	-5.03691
-1	-1	-3.6278
-1	-1	-4.99905
-1	-1	-3.20724
-1	-1	-5.14185
-1	-1	-4.86521
-1	-1	-3.66254
-1	-1	-5.08688
-1	-1	-3.2942
-1	-1	-3.79961
-1	-1	-2.47857
-1	-1	-3.26627
-1	-1	-3.5497
-1	-1	-3.06892
-1	-1	-3.95485
-1	-1	-3.54997
-1	-1	-3.92044
-1	-1	-3.67554
-1	-1	-5.45451
-1	-1	-3.62297
-1	-1	-1.8449
-1	-1	-4.35535
-1	-1	-4.27934
-1	-1	-2.68211
-1	-1	-3.15855
-1	-1	-4.82685
-1	-1	-3.54389
-1	-1	-2.67761
-1	-1	-5.43177
-1	-1	-4.26429
-1	-1	-4.0223
-1	-1	-4.08339
-1	-1	-3.71132
-1	-1	-4.39533
-1	-1	-3.02309
-1	-1	-3.18823
-1	-1	-4.60258
-1	-1	-2.36316
-1	-1	-3.89982
-1	-1	-4.6346
-1	-1	-4.40792
-1	-1	-3.80063
-1	-1	-3.70248
-1	-1	-5.4497
-1	-1	-5.76355
-1	-1	-3.19584
-1	-1	-3.54007
-1	-1	-3.77844
-1	-1	-4.30527
-1	-1	-3.17066
-1	-1	-1.48649
-1	-1	-3.99867
-1	-1	-3.64342
-1	-1	-3.21639
-1	-1	-2.84015
-1	-1	-3.76868
-1	-1	-5.43873
-1	-1	-3.3643
-1	-1	-3.98113
-1	-1	-3.46299
-1	-1	-3.31351
-1	-1	-5.30901
-1	-1	-3.14225
-1	-1	-4.85648
-1	-1	-4.45023
-1	-1	-1.9885
-1	-1	-2.83173
-1	-1	-4.30932
-1	-1	-3.83008
-1	-1	-2.91728
-1	-1	-1.95172
-1	-1	-3.92463
-1	-1	-3.91776
-1	-1	-3.62883
-1	-1	-4.57088
-1	-1	-5.47384
-1	-1	-4.4642
-1	-1	-3.98311
-1	-1	-5.08714
-1	-1	-1.75406
-1	-1	-3.14707
-1	-1	-3.82959
-1	-1	-4.86892
-1	-1	-2.99488
-1	-1	-3.87939
-1	-1	-4.57166
-1	-1	-2.9825
-1	-1	-3.71564
-1	-1	-3.92852
-1	-1	-2.97051
-1	-1	-3.53115
-1	-1	-3.32162
-1	-1	-4.30074
-1	-1	-3.59092
-1	-1	-3.90836
-1	-1	-3.98762
-1	-1	-3.10338
-1	-1	-4.83009
-1	-1	-4.11641
-1	-1	-3.79684
-1	-1	-4.33946
-1	-1	-5.91863
-1	-1	-4.26448
-1	-1	-4.73336
-1	-1	-0.215804
-1	-1	-4.23574
-1	-1	-3.29424
-1	-1	-5.61639
-1	-1	-3.90692
-1	-1	-4.30295
-1	-1	-4.68859
-1	-1	-4.03357
-1	-1	-5.1121
-1	-1	-3.47422
-1	-1	-4.5374
-1	-1	-3.57689
-1	-1	-2.51764
-1	-1	-4.92578
-1	-1	-4.86521
-1	-1	-2.49495
-1	-1	-3.65147
-1	-1	-5.5436
-1	-1	-3.54596
-1	-1	-4.9322
-1	-1	-3.71564
-1	-1	-3.6582
-1	-1	-3.90614
-1	-1	-2.20538
-1	-1	-3.4272
-1	-1	-3.44731
-1	-1	-5.1974
-1	-1	-3.28105
-1	-1	-3.65927
-1	-1	-2.70285
-1	-1	-3.39583
-1	-1	-4.02374
-1	-1	-4.63237
-1	-1	-2.91062
-1	-1	-4.31414
-1	-1	-3.55528
-1	-1	-3.51953
-1	-1	-4.34069
-1	-1	-5.2401
-1	-1	-3.20243
-1	-1	-3.26787
-1	-1	-2.41362
-1	-1	-2.78601
-1	-1	-2.07385
-1	-1	-3.28212
-1	-1	-3.54997
-1	-1	-4.16137
-1	-1	-4.37972
-1	-1	-3.746
-1	-1	-2.49508
-1	-1	-2.64288
-1	-1	-3.44572
-1	-1	-3.95765
-1	-1	-3.4991
-1	-1	-5.48638
-1	-1	-4.83859
-1	-1	-3.55274
-1	-1	-4.60528
-1	-1	-3.70483
-1	-1	-2.83198
-1	-1	-4.04566
-1	-1	-3.33702
-1	-1	-4.37225
-1	-1	-3.44678
-1	-1	-2.89233
-1	-1	-2.7115
-1	-1	-5.93495
-1	-1	-2.90752
-1	-1	-2.60339
-1	-1	-3.83834
-1	-1	-3.83833
-1	-1	-3.46245
-1	-1	-3.78184
-1	-1	-4.72648
-1	-1	-3.59812
-1	-1	-3.72399
-1	-1	-4.50151
-1	-1	-3.91232
-1	-1	-2.71454
-1	-1	-1.44046
-1	-1	-5.23195
-1	-1	-2.58531
-1	-1	-1.89878
-1	-1	-3.03488
-1	-1	-4.30771
-1	-1	-2.40153
-1	-1	-4.52539
-1	-1	-4.22888
-1	-1	-4.21227
-1	-1	-5.65637
-1	-1	-4.1776
-1	-1	-3.18898
-1	-1	-4.26448
-1	-1	-2.53216
-1	-1	-3.14564
-1	-1	-3.02421
-1	-1	-4.62538
-1	-1	-3.19415
-1	-1	-5.11295
-1	-1	-5.00768
-1	-1	-2.81582
-1	-1	-3.92485
-1	-1	-4.86873
-1	-1	-0.85063
-1	-1	-4.27602
-1	-1	-3.59935
-1	-1	-3.45872
-1	-1	-4.47126
-1	-1	-5.34303
-1	-1	-4.26934
-1	-1	-4.9899
-1	-1	-3.27108
-1	-1	-4.57171
-1	-1	-4.02661
-1	-1	-2.42728
-1	-1	-3.282
-1	-1	-2.27699
-1	-1	-2.92648
-1	-1	-3.50498
-1	-1	-5.32046
-1	-1	-4.1478
-1	-1	-2.79126
-1	-1	-5.32046
-1	-1	-3.51742
-1	-1	-4.5798
-1	-1	-4.99108
-1	-1	-2.64905
-1	-1	-4.41579
-1	-1	-3.8539
-1	-1	-4.2345
-1	-1	-2.31294
-1	-1	-4.82735
-1	-1	-3.99467
-1	-1	-1.90278
-1	-1	-5.58751
-1	-1	-4.17106
-1	-1	-3.71658
-1	-1	-4.79136
-1	-1	-2.27799
-1	-1	-5.08411
-1	-1	-3.87168
-1	-1	-3.93176
-1	-1	-3.62883
-1	-1	-4.90325
-1	-1	-4.50719
-1	-1	-4.7394
-1	-1	-4.7695
-1	-1	-4.84769
-1	-1	-3.56115
-1	-1	-4.90169
-1	-1	-2.69513
-1	-1	-6.24655
-1	-1	-3.32827
-1	-1	-3.10574
-1	-1	-3.60727
-1	-1	-3.67105
-1	-1	-3.61879
-1	-1	-5.61692
-1	-1	-2.7115
-1	-1	-4.09382
-1	-1	-1.71501
-1	-1	-3.83441
-1	-1	-4.73498
-1	-1	-3.72403
-1	-1	-1.78774
-1	-1	-3.99416
-1	-1	-1.33611
-1	-1	-3.89999
-1	-1	-2.96956
-1	-1	-3.85743
-1	-1	-1.56629
-1	-1	-3.46245
-1	-1	-5.54144
-1	-1	-3.49989
-1	-1	-3.37446
-1	-1	-2.99532
-1	-1	-3.32167
-1	-1	-4.28832
-1	-1	-4.31355
-1	-1	-3.08834
-1	-1	-4.39677
-1	-1	-3.30843
-1	-1	-3.91254
-1	-1	-2.52772
-1	-1	-4.10574
-1	-1	-5.53074
-1	-1	-3.32709
-1	-1	-2.19057
-1	-1	-4.6096
-1	-1	-4.83388
-1	-1	-3.73055
-1	-1	-4.019
-1	-1	-4.69216
-1	-1	-3.08516
-1	-1	-3.9674
-1	-1	-3.02428
-1	-1	-4.97299
-1	-1	-4.52633
-1	-1	-2.90784
-1	-1	-4.13245
-1	-1	-3.62144
-1	-1	-3.4753
-1	-1	-3.67366
-1	-1	-2.8747
-1	-1	-3.04568
-1	-1	-6.13578
-1	-1	-3.31473
-1	-1	-4.4472
-1	-1	-5.25455
-1	-1	-2.96999
-1	-1	-4.72708
-1	-1	-4.11519
-1	-1	-3.6922
-1	-1	-3.2652
-1	-1	-2.78601
-1	-1	-5.81182
-1	-1	-1.99019
-1	-1	-4.59012
-1	-1	-3.33187
-1	-1	-2.81899
-1	-1	-3.08781
-1	-1	-4.16961
-1	-1	-2.98326
-1	-1	-3.5327
-1	-1	-2.81278
-1	-1	-3.74706
-1	-1	-2.19109
-1	-1	-2.86234
-1	-1	-4.30932
-1	-1	-5.23456
-1	-1	-4.56174
-1	-1	-4.1312
-1	-1	-3.83241
-1	-1	-2.11215
-1	-1	-2.76498
-1	-1	-5.11544
-1	-1	-3.96758
-1	-1	-2.25445
-1	-1	-3.3446
-1	-1	-4.26435
-1	-1	-1.17672
-1	-1	-2.39357
-1	-1	-4.9092
-1	-1	-4.14459
-1	-1	-3.42472
-1	-1	-4.54239
-1	-1	-4.94292
-1	-1	-3.44731
-1	-1	-4.31987
-1	-1	-3.91232
-1	-1	-3.71564
-1	-1	-4.0785
-1	-1	-3.85124
-1	-1	-3.90675
-1	-1	-3.4104
-1	-1	-2.82572
-1	-1	-4.5383
-1	-1	-3.41378
-1	-1	-3.69133
-1	-1	-5.12527
-1	-1	-4.22177
-1	-1	-4.27926
-1	-1	-5.13945
-1	-1	-3.62
-1	-1	-2.5859
-1	-1	-3.62946
-1	-1	-4.24675
-1	-1	-4.22516
-1	-1	-0.335323
-1	-1	-5.44989
-1	-1	-4.38396
-1	-1	-3.83441
-1	-1	-5.19934
-1	-1	-3.30604
-1	-1	-3.8249
-1	-1	-4.36344
-1	-1	-3.50019
-1	-1	-3.81074
-1	-1	-4.02247
-1	-1	-2.69366
-1	-1	-4.82928
-1	-1	-4.97052
-1	-1	-3.94593
-1	-1	-4.51567
-1	-1	-3.4104
-1	-1	-3.22304
-1	-1	-2.30495
-1	-1	-5.59642
-1	-1	-4.57885
-1	-1	-4.60978
-1	-1	-5.45623
-1	-1	-2.98326
-1	-1	-2.49026
-1	-1	-2.71955
-1	-1	-2.91253
-1	-1	-3.20463
-1	-1	-5.75135
-1	-1	-4.99658
-1	-1	-3.71658
-1	-1	-2.17284
-1	-1	-4.41966
-1	-1	-4.4081
-1	-1	-4.26302
-1	-1	-3.42238
-1	-1	-3.05213
-1	-1	-3.44777
-1	-1	-4.94946
-1	-1	-5.4269
-1	-1	-4.22575
-1	-1	-2.86141
-1	-1	-3.90031
-1	-1	-2.0435
-1	-1	-4.74658
-1	-1	-3.94159
-1	-1	-5.84959
-1	-1	-3.07291
-1	-1	-3.99264
-1	-1	-4.96848
-1	-1	-2.48147
-1	-1	-4.24043
-1	-1	-2.95654
-1	-1	-3.47083
-1	-1	-5.27094
-1	-1	-3.7511
-1	-1	-2.11349
-1	-1	-1.72509
-1	-1	-0.904686
-1	-1	-4.07867
-1	-1	-3.19476
-1	-1	-3.64665
-1	-1	-6.41019
-1	-1	-2.66886
-1	-1	-3.08946
-1	-1	-2.26349
-1	-1	-3.59092
-1	-1	-4.17716
-1	-1	-2.95826
-1	-1	-2.67508
-1	-1	-3.04568
-1	-1	-3.00515
-1	-1	-0.00917992
-1	-1	-3.70036
-1	-1	-3.94379
-1	-1	-4.71571
-1	-1	-6.25663
-1	-1	-6.13578
-1	-1	-4.84922
-1	-1	-4.85648
-1	-1	-5.47943
-1	-1	-2.91598
-1	-1	-4.47632
-1	-1	-2.63244
-1	-1	-4.48929
-1	-1	-4.35841
-1	-1	-5.47602
-1	-1	-3.55292
-1	-1	-3.26652
-1	-1	-1.99847
-1	-1	-3.48739
-1	-1	-2.58846
-1	-1	-3.65944
-1	-1	-3.6344
-1	-1	-2.82175
-1	-1	-4.40792
-1	-1	-4.96885
-1	-1	-2.48284
-1	-1	-2.00951
-1	-1	-3.70045
-1	-1	-3.4272
-1	-1	-4.47948
-1	-1	-3.08764
-1	-1	-3.54389
-1	-1	-6.55347
-1	-1	-3.18638
-1	-1	-4.11519
-1	-1	-3.57046
-1	-1	-4.85251
-1	-1	-2.67591
-1	-1	-5.33621
-1	-1	-3.81711
-1	-1	-5.32046
-1	-1	-2.38115
-1	-1	-2.31234
-1	-1	-3.3732
-1	-1	-3.94844
-1	-1	-4.42763
-1	-1	-3.70036
-1	-1	-1.37804
-1	-1	-2.48339
-1	-1	-5.67038
-1	-1	-4.94228
-1	-1	-3.99715
-1	-1	-3.25222
-1	-1	-3.29491
-1	-1	-4.7015
-1	-1	-4.20257
-1	-1	-3.65295
-1	-1	-4.25223
-1	-1	-3.99232
-1	-1	-4.17338
-1	-1	-5.21309
-1	-1	-2.46939
-1	-1	-3.66306
-1	-1	-3.64877
-1	-1	-2.32941
-1	-1	-4.56174
-1	-1	-3.90199
-1	-1	-3.90631
-1	-1	-5.04038
-1	-1	-4.01141
-1	-1	-2.0679
-1	-1	-3.92103
-1	-1	-4.13881
-1	-1	-5.22958
-1	-1	-2.69505
-1	-1	-4.30278
-1	-1	-3.10019
-1	-1	-1.8598
-1	-1	-4.60978
-1	-1	-3.26666
-1	-1	-2.74321
-1	-1	-4.4081
-1	-1	-2.70285
-1	-1	-2.06217
-1	-1	-2.53332
-1	-1	-3.43124
-1	-1	-4.11519
-1	-1	-6.01059
-1	-1	-4.62466
-1	-1	-2.38115
-1	-1	-5.13352
-1	-1	-2.68143
-1	-1	-5.13945
-1	-1	-3.96723
-1	-1	-3.19383
-1	-1	-5.57274
-1	-1	-1.97401
-1	-1	-2.33224
-1	-1	-5.27108
-1	-1	-3.0776
-1	-1	-2.19865
-1	-1	-3.72741
-1	-1	-3.65147
-1	-1	-2.41931
-1	-1	-3.49136
-1	-1	-4.94837
-1	-1	-4.78601
-1	-1	-5.3578
-1	-1	-4.02661
-1	-1	-4.48155
-1	-1	-4.53869
-1	-1	-4.31255
-1	-1	-3.70856
-1	-1	-2.14608
-1	-1	-2.65257
-1	-1	-3.93056
-1	-1	-4.19252
-1	-1	-5.11718
-1	-1	-4.77836
-1	-1	-4.20257
-1	-1	-4.94071
-1	-1	-3.68215
-1	-1	-3.58007
-1	-1	-2.26687
-1	-1	-4.72913
-1	-1	-4.17539
-1	-1	-4.0402
-1	-1	-4.33421
-1	-1	-3.03257
-1	-1	-5.04681
-1	-1	-2.78601
-1	-1	-4.51135
-1	-1	-3.31256
-1	-1	-3.87986
-1	-1	-4.5505
-1	-1	-2.5737
-1	-1	-4.28207
-1	-1	-1.6427
-1	-1	-5.02471
-1	-1	-5.16837
-1	-1	-4.11109
-1	-1	-2.74184
-1	-1	-4.5766
-1	-1	-2.84138
-1	-1	-4.27603
-1	-1	-6.25663
-1	-1	-4.06726
-1	-1	-3.09326
-1	-1	-5.60535
-1	-1	-2.43474
-1	-1	-1.55905
-1	-1	-6.01002
-1	-1	-2.33224
-1	-1	-1.98459
-1	-1	-4.20056
-1	-1	-4.5757
-1	-1	-2.90692
-1	-1	-1.9481
-1	-1	-2.63661
-1	-1	-2.68492
-1	-1	-4.65234
-1	-1	-5.12335
-1	-1	-3.71767
-1	-1	-6.10375
-1	-1	-2.33609
-1	-1	-5.70206
-1	-1	-1.99019
-1	-1	-2.30495
-1	-1	-3.02292
-1	-1	-3.57256
-1	-1	-3.85136
-1	-1	-3.63845
-1	-1	-1.24571
-1	-1	-5.22182
-1	-1	-3.48681
-1	-1	-4.69216
-1	-1	-2.21847
-1	-1	-3.2652
-1	-1	-5.10051
-1	1	0.0304287
-1	-1	-3.76429
-1	-1	-2.67025
-1	-1	-4.81432
-1	-1	-6.03253
-1	-1	-3.27914
-1	-1	-3.95544
-1	-1	-3.99416
-1	-1	-2.64552
-1	-1	-3.05231
-1	-1	-3.34629
-1	-1	-2.52113
-1	-1	-3.38166
-1	-1	-4.21844
-1	-1	-3.51953
-1	-1	-4.34327
-1	-1	-5.61639
-1	-1	-3.40045
-1	-1	-3.87999
-1	-1	-3.19415
-1	-1	-3.77687
-1	-1	-4.12609
-1	-1	-3.06154
-1	-1	-2.71167
-1	-1	-3.81486
-1	-1	-3.2652
-1	-1	-3.08764
-1	-1	-3.46925
-1	-1	-4.72076
-1	-1	-4.3984
-1	-1	-4.07867
-1	-1	-5.14037
-1	-1	-6.23679
-1	-1	-4.13041
-1	-1	-2.75439
-1	-1	-3.30135
-1	-1	-5.24942
-1	-1	-3.61811
-1	-1	-3.14476
-1	-1	-3.92651
-1	-1	-2.00951
-1	-1	-4.82253
-1	-1	-3.43392
-1	-1	-3.97397
-1	-1	-4.60961
-1	-1	-1.37787
-1	-1	-4.22368
-1	-1	-3.41221
-1	-1	-4.63252
-1	-1	-3.6278
-1	-1	-1.08007
-1	-1	-1.15275
-1	-1	-3.11279
-1	-1	-3.24737
-1	-1	-1.9877
-1	-1	-5.00735
-1	-1	-3.5142
-1	-1	-5.15209
-1	-1	-3.25724
-1	-1	-4.41257
-1	-1	-1.22477
-1	-1	-4.81432
-1	-1	-3.34654
-1	-1	-2.5352
-1	-1	-1.91798
-1	-1	-2.75142
-1	-1	-4.53869
-1	-1	-4.18734
-1	-1	-2.48951
-1	-1	-3.50019
-1	-1	-3.99867
-1	-1	-3.91561
-1	-1	-3.11468
-1	-1	-4.50137
-1	-1	-1.94444
-1	-1	-3.37462
-1	-1	-3.41012
-1	-1	-1.08318
-1	-1	-5.30301
-1	-1	-4.03729
-1	-1	-4.10865
-1	-1	-4.345
-1	-1	-3.56113
-1	-1	-1.2382
-1	-1	-3.6169
-1	-1	-2.09251
-1	-1	-3.34652
-1	-1	-3.8544
-1	-1	-4.25593
-1	-1	-5.40113
-1	-1	-2.71772
-1	-1	-5.70089
-1	-1	-3.92852
-1	-1	-4.34249
-1	-1	-3.57803
-1	-1	-5.47602
-1	-1	-5.33375
-1	-1	-4.05776
-1	-1	-3.49303
-1	-1	-4.68859
-1	-1	-5.3578
-1	-1	-3.76462
-1	-1	-4.28795
-1	-1	-4.79908
-1	-1	-1.17672
-1	-1	-4.09861
-1	-1	-3.03277
-1	-1	-1.94039
-1	-1	-3.53547
-1	-1	-4.12609
-1	-1	-2.78693
-1	-1	-4.48713
-1	-1	-1.51182
-1	-1	-3.4991
-1	-1	-5.7252
-1	-1	-3.08764
-1	-1	-4.28299
-1	-1	-4.60545
-1	-1	-3.81035
-1	-1	-1.39045
-1	-1	-3.56166
-1	-1	-4.2489
-1	-1	-3.65944
-1	-1	-3.6794
-1	-1	-4.28707
-1	-1	-2.36316
-1	-1	-5.12527
-1	-1	-3.61508
-1	-1	-4.48929
-1	-1	-3.88372
-1	-1	-2.83594
-1	-1	-2.49508
-1	-1	-6.13334
-1	-1	-4.86521
-1	-1	-5.75135
-1	-1	-2.51483
-1	-1	-4.09973
-1	-1	-3.20046
-1	-1	-5.85133
-1	-1	-1.77324
-1	-1	-2.56266
-1	-1	-0.705576
-1	-1	-3.85136
-1	-1	-4.73498
-1	-1	-3.08764
-1	-1	-4.78238
-1	-1	-2.78693
-1	-1	-3.68203
-1	-1	-2.73199
-1	-1	-4.86521
-1	-1	-3.27914
-1	-1	-4.44961
-1	-1	-2.78601
-1	-1	-3.46849
-1	-1	-4.24657
-1	-1	-5.65902
-1	-1	-2.81096
-1	-1	-3.89432
-1	-1	-4.97015
-1	-1	-6.23679
-1	-1	-5.71983
-1	-1	-1.9481
-1	-1	-4.03374
-1	-1	-4.0204
-1	-1	-2.45226
-1	-1	-4.4744
-1	-1	-2.73639
-1	-1	-4.72646
-1	-1	-2.35487
-1	-1	-2.46794
-1	-1	-4.04972
-1	-1	-4.38118
-1	-1	-2.62788
-1	-1	-3.65312
-1	-1	-6.3352
-1	-1	-2.5088
-1	-1	-3.30276
-1	-1	-1.63259
-1	-1	-6.90416
-1	-1	-3.61356
-1	-1	-3.71825
-1	-1	-4.55498
-1	-1	-3.44063
-1	-1	-3.20243
-1	-1	-4.05387
-1	-1	-4.17971
-1	-1	-5.57987
-1	-1	-5.12162
-1	-1	-0.839169
-1	-1	-3.11743
-1	-1	-1.86295
-1	-1	-5.00768
-1	-1	-6.03253
-1	-1	-4.16881
-1	-1	-4.53841
-1	-1	-5.32046
-1	-1	-3.15034
-1	-1	-3.54822
-1	-1	-3.55756
-1	-1	-4.3466
-1	-1	-4.83661
-1	-1	-2.63584
-1	-1	-4.81487
-1	-1	-3.9064
-1	-1	-4.65234
-1	-1	-4.28118
-1	-1	-3.28453
-1	-1	-4.19234
-1	-1	-4.55892
-1	-1	-3.80586
-1	-1	-3.32127
-1	-1	-4.26934
-1	-1	-4.93179
-1	-1	-3.99715
-1	-1	-4.06993
-1	-1	-2.56514
-1	-1	-3.15034
-1	-1	-4.36202
-1	-1	-3.70798
-1	-1	-2.47514
-1	-1	-5.21966
-1	-1	-3.92316
-1	-1	-4.90205
-1	-1	-3.8892
-1	-1	-4.85402
-1	-1	-4.68859
-1	-1	-5.34846
-1	-1	-5.28869
-1	-1	-4.43839
-1	-1	-3.64665
-1	-1	-3.85388
-1	-1	-4.14898
-1	-1	-3.88004
-1	-1	-3.55255
-1	-1	-4.44927
-1	-1	-4.22516
-1	-1	-4.17338
-1	-1	-4.51135
-1	-1	-4.05387
-1	-1	-4.24658
-1	-1	-3.26848
-1	-1	-4.98692
-1	-1	-4.56046
-1	-1	-3.38665
-1	-1	-4.11519
-1	-1	-3.76173
-1	-1	-3.31262
-1	-1	-4.46099
-1	-1	-4.44944
-1	-1	-5.68312
-1	-1	-2.86257
-1	-1	-3.44063
-1	-1	-4.77882
-1	-1	-5.48638
-1	-1	-3.40947
-1	-1	-4.33946
-1	-1	-4.15164
-1	-1	-3.28844
-1	-1	-2.61661
-1	-1	-3.99416
-1	-1	-4.15604
-1	-1	-1.7872
-1	-1	-5.36665
-1	-1	-4.0999
-1	-1	-3.79684
-1	-1	-4.44927
-1	-1	-3.92463
-1	-1	-3.76173
-1	-1	-3.03277
-1	-1	-3.55868
-1	-1	-4.05436
-1	-1	-3.25994
-1	-1	-5.19398
-1	-1	-3.34629
-1	-1	-3.99416
-1	-1	-2.96728
-1	-1	-2.41887
-1	-1	-4.15305
-1	-1	-5.32479
-1	-1	-3.70798
-1	-1	-3.07347
-1	-1	-4.35314
-1	-1	-2.8657
-1	-1	-3.77844
-1	-1	-6.11092
-1	-1	-3.16158
-1	-1	-6.02117
-1	-1	-3.18519
-1	-1	-3.58064
-1	-1	-3.41625
-1	-1	-3.5497
-1	-1	-3.29702
-1	-1	-3.16955
-1	-1	-4.07867
-1	-1	-3.6077
-1	-1	-5.14826
-1	-1	-3.20707
-1	-1	-4.46319
-1	-1	-3.68181
-1	-1	-5.39414
-1	-1	-2.58098
-1	-1	-3.75478
-1	-1	-1.51828
-1	-1	-3.14039
-1	-1	-4.85219
-1	-1	-2.33981
-1	-1	-4.15164
-1	-1	-5.53057
-1	-1	-2.89571
-1	-1	-2.98829
-1	-1	-5.4083
-1	-1	-3.70932
-1	-1	-2.75952
-1	-1	-4.83531
-1	-1	-6.00948
-1	-1	-1.38524
-1	-1	-3.71825
-1	-1	-3.28105
-1	-1	-3.87939
-1	-1	-3.20707
-1	-1	-1.70633
-1	-1	-3.4865
-1	-1	-4.02778
-1	-1	-3.7078
-1	-1	-4.17089
-1	-1	-2.0974
-1	-1	-2.50915
-1	-1	-3.83424
-1	-1	-2.60003
-1	-1	-4.46068
-1	-1	-3.28431
-1	-1	-3.57445
-1	-1	-1.93055
-1	-1	-4.47334
-1	-1	-4.81312
-1	-1	-4.72708
-1	-1	-5.08242
-1	-1	-3.87986
-1	-1	-2.23378
-1	-1	-3.74093
-1	-1	-2.22398
-1	-1	-2.91791
-1	-1	-2.80203
-1	-1	-3.95765
-1	-1	-3.70036
-1	-1	-4.24657
-1	-1	-4.02042
-1	-1	-3.48198
-1	-1	-2.99532
-1	-1	-4.82253
-1	-1	-3.0245
-1	-1	-3.15467
-1	-1	-5.5436
-1	-1	-4.78803
-1	-1	-6.2347
-1	-1	-3.71564
-1	-1	-2.64887
-1	-1	-3.98745
-1	-1	-5.2759
-1	-1	-3.89221
-1	-1	-4.00354
-1	-1	-3.34976
-1	-1	-3.79961
-1	-1	-3.39359
-1	-1	-5.00683
-1	-1	-3.93347
-1	-1	-6.26593
-1	-1	-4.60528
-1	-1	-4.72357
-1	-1	-3.42238
-1	-1	-4.23965
-1	-1	-2.65374
-1	-1	-2.28239
-1	-1	-2.06217
-1	-1	-3.27137
-1	-1	-5.62798
-1	-1	-4.13917
-1	-1	-5.62541
-1	-1	-3.18994
-1	-1	-3.35261
-1	-1	-3.92485
-1	-1	-3.10574
-1	-1	-3.24719
-1	-1	-3.88661
-1	-1	-2.26211
-1	-1	-4.60978
-1	-1	-3.57299
-1	-1	-3.52901
-1	-1	-1.87144
-1	-1	-0.985678
-1	-1	-2.352
-1	-1	-2.65374
-1	-1	-3.24737
-1	-1	-4.46897
-1	-1	-2.14966
-1	-1	-4.15831
-1	-1	-2.80457
-1	-1	-5.45623
-1	-1	-4.83128
-1	-1	-3.90929
-1	-1	-2.77969
-1	-1	-4.12986
-1	-1	-4.07297
-1	-1	-1.12622
-1	-1	-4.54224
-1	-1	-1.90694
-1	-1	-5.2703
-1	-1	-4.66075
-1	-1	-1.48159
-1	-1	-3.87556
-1	-1	-1.27013
-1	-1	-4.67667
-1	-1	-4.67152
-1	-1	-2.9759
-1	-1	-3.61601
-1	-1	-2.76558
-1	-1	-2.66462
-1	-1	-4.69236
-1	-1	-0.527323
-1	-1	-4.42831
-1	-1	-0.741926
-1	-1	-4.64246
-1	-1	-3.34781
-1	-1	-4.26448
-1	-1	-4.2047
-1	-1	-2.78693
-1	-1	-2.36543
-1	-1	-4.26156
-1	-1	-1.66973
-1	-1	-5.00531
-1	-1	-2.34599
-1	-1	-4.78601
-1	-1	-5.34941
-1	-1	-3.82632
-1	-1	-4.37056
-1	-1	-4.75295
-1	-1	-4.829
-1	-1	-3.09462
-1	-1	-2.43917
-1	-1	-3.46827
-1	-1	-3.20754
-1	-1	-1.41377
-1	-1	-3.04592
-1	-1	-3.58619
-1	-1	-2.36128
-1	-1	-3.4912
-1	-1	-3.93436
-1	-1	-2.59626
-1	-1	-2.74606
-1	-1	-4.3855
-1	-1	-4.52354
-1	-1	-2.63667
-1	-1	-2.68467
-1	-1	-3.48837
-1	-1	-1.41774
-1	-1	-3.25814
-1	-1	-4.92244
-1	-1	-1.74625
-1	-1	-2.5944
-1	-1	-4.24881
-1	-1	-3.44718
-1	-1	-3.29491
-1	-1	-4.03857
-1	-1	-3.39035
-1	-1	-3.40045
-1	-1	-3.26996
-1	-1	-4.4873
-1	-1	-3.80929
-1	-1	-2.80189
-1	-1	-3.4272
-1	-1	-5.05162
-1	-1	-2.99567
-1	-1	-3.2652
-1	-1	-3.91776
-1	-1	-4.30502
-1	-1	-3.10574
-1	-1	-4.98651
-1	-1	-2.45051
-1	-1	-1.72179
-1	-1	-3.3344
-1	-1	-5.32046
-1	-1	-3.57992
-1	-1	-5.20649
-1	-1	-5.39264
-1	-1	-4.16729
-1	-1	-4.96996
-1	-1	-4.22147
-1	-1	-3.05546
-1	-1	-2.96516
-1	-1	-4.38082
-1	-1	-3.57672
-1	-1	-2.64045
-1	-1	-3.89107
-1	-1	-5.06006
-1	-1	-1.21079
-1	-1	-1.82873
-1	-1	-3.13498
-1	-1	-4.11037
-1	-1	-1.99933
-1	-1	-4.02394
-1	-1	-4.06441
-1	-1	-2.66213
-1	-1	-4.1591
-1	-1	-2.71626
-1	-1	-1.94039
-1	-1	-3.66824
-1	-1	-3.22096
-1	-1	-5.17469
-1	-1	-3.16607
-1	-1	-2.59371
-1	-1	-2.45374
-1	-1	-3.16911
-1	-1	-2.86486
-1	-1	-3.77201
-1	-1	-3.59483
-1	-1	-4.19104
-1	-1	-2.5935
-1	-1	-2.31726
-1	-1	-2.28982
-1	-1	-3.61811
-1	-1	-2.40652
-1	-1	-2.59464
-1	-1	-4.51259
-1	-1	-5.47882
-1	-1	-3.02121
-1	-1	-4.64643
-1	-1	-5.00768
-1	-1	-2.45726
-1	-1	-1.94856
-1	-1	-2.68492
-1	-1	-3.52901
-1	-1	-3.90631
-1	-1	-4.85251
-1	-1	-3.43019
-1	-1	-4.35972
-1	-1	-4.82639
-1	-1	-3.69994
-1	-1	-3.51726
-1	-1	-3.89559
-1	-1	-2.15694
-1	-1	-2.55224
-1	-1	-4.66477
-1	-1	-4.0936
-1	-1	-4.86892
-1	-1	-1.90814
-1	-1	-5.19757
-1	-1	-5.10051
-1	-1	-3.34171
-1	-1	-4.34168
-1	-1	-4.02389
-1	-1	-5.23268
-1	-1	-5.83823
-1	-1	-3.58607
-1	-1	-3.28992
-1	-1	-2.14966
-1	-1	-5.15399
-1	-1	-3.70968
-1	-1	-4.26934
-1	-1	-3.53409
-1	-1	-4.6933
-1	-1	-3.68988
-1	-1	-4.44924
-1	-1	-5.30273
-1	-1	-4.05869
-1	-1	-3.50019
-1	-1	-4.26448
-1	-1	-4.9302
-1	-1	-5.72915
-1	-1	-2.80526
-1	-1	-3.82305
-1	-1	-2.82192
-1	-1	-4.25223
-1	-1	-4.94837
-1	-1	-5.62622
-1	-1	-4.95273
-1	-1	-3.90005
-1	-1	-3.26856
-1	-1	-2.16386
-1	-1	-4.5635
-1	-1	-3.65051
-1	-1	-3.4991
-1	-1	-3.16177
-1	-1	-4.12626
-1	-1	-3.47633
-1	-1	-3.80063
-1	-1	-5.8936
-1	-1	-3.67716
-1	-1	-2.92448
-1	-1	-4.30825
-1	-1	-2.91253
-1	-1	-4.7015
-1	-1	-2.43625
-1	-1	-2.93345
-1	-1	-2.58846
-1	-1	-1.68819
-1	-1	-4.36634
-1	-1	-3.57075
-1	-1	-3.47613
-1	-1	-4.57088
-1	-1	-4.83531
-1	-1	-3.47422
-1	-1	-1.52532
-1	-1	-4.258
-1	-1	-2.57211
-1	-1	-4.28707
-1	-1	-3.26848
-1	-1	-4.42136
-1	-1	-4.39187
-1	-1	-2.69037
-1	-1	-3.35261
-1	-1	-3.85291
-1	-1	-3.34207
-1	-1	-2.88824
-1	-1	-3.46656
-1	-1	-3.97743
-1	-1	-1.89463
-1	-1	-4.69275
-1	-1	-3.3958
-1	-1	-2.13482
-1	-1	-3.71542
-1	-1	-4.73247
-1	-1	-4.1836
-1	-1	-3.25222
-1	-1	-4.12626
-1	-1	-3.59351
-1	-1	-3.06569
-1	-1	-4.6346
-1	-1	-3.98745
-1	-1	-3.11624
-1	-1	-2.04686
-1	-1	-5.26775
-1	-1	-2.65515
-1	-1	-2.81631
-1	-1	-3.21073
-1	-1	-5.60385
-1	-1	-4.07282
-1	-1	-5.03965
-1	-1	-1.76641
-1	-1	-3.20754
-1	-1	-4.28832
-1	-1	-3.16607
-1	-1	-1.45997
-1	-1	-3.46964
-1	-1	-5.04323
-1	-1	-6.90399
-1	-1	-4.51135
-1	-1	-4.26435
-1	-1	-2.53332
-1	-1	-4.11685
-1	-1	-4.31531
-1	-1	-1.37325
-1	-1	-4.6933
-1	-1	-6.25663
-1	-1	-3.7725
-1	-1	-3.53406
-1	-1	-4.02389
-1	-1	-3.13488
-1	-1	-2.34215
-1	-1	-2.69366
-1	-1	-4.0223
-1	-1	-4.40436
-1	-1	-2.80526
-1	-1	-5.0386
-1	-1	-4.35841
-1	-1	-4.48155
-1	-1	-4.5224
-1	-1	-0.875738
-1	-1	-4.07867
-1	-1	-3.70598
-1	-1	-5.75052
-1	-1	-3.08211
-1	-1	-6.42497
-1	-1	-2.39219
-1	-1	-2.92175
-1	-1	-5.61859
-1	-1	-4.23432
-1	-1	-3.1321
-1	-1	-1.22477
-1	-1	-3.7167
-1	-1	-4.48713
-1	-1	-3.44883
-1	-1	-4.34186
-1	-1	-1.12622
-1	-1	-5.00422
-1	-1	-3.33288
-1	-1	-2.39173
-1	-1	-4.71106
-1	-1	-4.85665
-1	-1	-3.40512
-1	-1	-1.08318
-1	-1	-3.68203
-1	-1	-4.22086
-1	-1	-5.33299
-1	-1	-3.68203
-1	-1	-3.93808
-1	-1	-4.13059
-1	-1	-4.06589
-1	-1	-5.10051
-1	-1	-1.98543
-1	-1	-3.71564
-1	-1	-1.95172
-1	-1	-3.75947
-1	-1	-3.23998
-1	-1	-4.60978
-1	-1	-3.46849
-1	-1	-3.30924
-1	-1	-1.78011
-1	-1	-3.24719
-1	-1	-3.37719
-1	-1	-4.39765
-1	-1	-3.07766
-1	-1	-2.70565
-1	-1	-3.71731
-1	-1	-3.67859
-1	-1	-2.80458
-1	-1	-4.03501
-1	-1	-3.2942
-1	-1	-1.71216
-1	-1	-4.37658
-1	-1	-5.11544
-1	-1	-4.85665
-1	-1	-4.28599
-1	-1	-2.59626
-1	-1	-1.226
-1	-1	-5.07646
-1	-1	-4.4873
-1	-1	-2.50495
-1	-1	-2.32152
-1	-1	-2.52535
-1	-1	-3.396
-1	-1	-4.45023
-1	-1	-2.55384
-1	-1	-3.80326
-1	-1	-2.9882
-1	-1	-5.48656
-1	-1	-5.2759
-1	-1	-3.75329
-1	-1	-3.59441
-1	-1	-3.08781
-1	-1	-4.4659
-1	-1	-2.33226
-1	-1	-5.28433
-1	-1	-3.81675
-1	-1	-4.03387
-1	-1	-1.30038
-1	-1	-2.11534
-1	-1	-5.12353
-1	-1	-5.14185
-1	-1	-3.43594
-1	-1	-3.83741
-1	-1	-2.3547
-1	-1	-5.16837
-1	-1	-5.65902
-1	-1	-4.45502
-1	-1	-3.97538
-1	-1	-4.51135
-1	-1	-3.14553
-1	-1	-4.65534
-1	-1	-3.30924
-1	-1	-2.07251
-1	-1	-4.88628
-1	-1	-3.65927
-1	-1	-3.78184
-1	-1	-1.80576
-1	-1	-2.32062
-1	-1	-3.32694
-1	-1	-2.09239
-1	-1	-5.10349
-1	-1	-4.26302
-1	-1	-5.85635
-1	-1	-4.08623
-1	-1	-4.69799
-1	-1	-4.25955
-1	-1	-3.91793
-1	-1	-5.02944
-1	-1	-2.79207
-1	-1	-4.6933
-1	-1	-4.69817
-1	-1	-4.42132
-1	-1	-2.78731
-1	-1	-4.54995
-1	-1	-4.50573
-1	-1	-4.34695
-1	-1	-5.10349
-1	-1	-4.67708
-1	-1	-2.81096
-1	-1	-5.21034
-1	-1	-3.9336
-1	-1	-3.28489
-1	-1	-4.38884
-1	-1	-3.82602
-1	-1	-5.23229
-1	-1	-4.46497
-1	-1	-4.43993
-1	-1	-4.54246
-1	-1	-4.49818
-1	-1	-4.26435
-1	-1	-2.84015
-1	-1	-2.94539
-1	-1	-0.335323
-1	-1	-3.26856
-1	-1	-4.28026
-1	-1	-4.05389
-1	-1	-3.61672
-1	-1	-0.636119
-1	-1	-3.14039
-1	-1	-5.35886
-1	-1	-3.84925
-1	-1	-3.63868
-1	-1	-3.98762
-1	-1	-4.07867
-1	-1	-4.28291
-1	-1	-1.10693
-1	-1	-4.36619
-1	-1	-3.89999
-1	-1	-4.07384
-1	-1	-2.10945
-1	-1	-3.58607
-1	-1	-2.59464
-1	-1	-4.61214
-1	-1	-3.8855
-1	-1	-4.8033
-1	-1	-4.52889
-1	-1	-3.34219
-1	-1	-4.12626
-1	-1	-3.50195
-1	-1	-2.26705
-1	-1	-4.2345
-1	-1	-3.35261
-1	-1	-5.26442
-1	-1	-2.35365
-1	-1	-3.81808
-1	-1	-5.03824
-1	-1	-5.21138
-1	-1	-3.34141
-1	-1	-2.66213
-1	-1	-4.2653
-1	-1	-6.3352
-1	-1	-3.49989
-1	-1	-2.64045
-1	-1	-3.45454
-1	-1	-3.99393
-1	-1	-5.32419
-1	-1	-4.26729
-1	-1	-5.19455
-1	-1	-2.35365
-1	-1	-2.8657
-1	-1	-4.09382
-1	-1	-5.04681
-1	-1	-3.53406
-1	-1	-4.11112
-1	-1	-3.42667
-1	-1	-4.18829
-1	-1	-4.15078
-1	-1	-3.33738
-1	-1	-4.88783
-1	-1	-4.06726
-1	-1	-3.90631
-1	-1	-3.08143
-1	-1	-3.282
-1	-1	-4.23895
-1	-1	-4.00202
-1	-1	-4.6748
-1	-1	-3.34828
-1	-1	-2.6285
-1	-1	-4.43516
-1	-1	-4.27864
-1	-1	-3.90211
-1	-1	-3.90199
-1	-1	-3.49136
-1	-1	-5.03691
-1	-1	-3.6278
-1	-1	-4.99905
-1	-1	-3.20724
-1	-1	-5.4187
-1	-1	-4.86521
-1	-1	-3.66254
-1	-1	-5.08688
-1	-1	-3.2942
-1	-1	-4.52502
-1	-1	-2.47857
-1	-1	-3.26627
-1	-1	-3.5497
-1	-1	-3.06892
-1	-1	-3.95485
-1	-1	-3.54997
-1	-1	-3.92044
-1	-1	-3.67554
-1	-1	-5.45451
-1	-1	-3.62297
-1	-1	-2.29345
-1	-1	-4.35535
-1	-1	-4.27934
-1	-1	-2.68211
-1	-1	-3.15855
-1	-1	-4.82685
-1	-1	-3.54389
-1	-1	-2.67761
-1	-1	-4.80461
-1	-1	-3.63712
-1	-1	-4.29915
-1	-1	-4.08339
-1	-1	-3.71132
-1	-1	-4.39533
-1	-1	-3.02309
-1	-1	-3.46508
-1	-1	-4.60258
-1	-1	-2.36316
-1	-1	-4.17667
-1	-1	-4.6346
-1	-1	-4.40792
-1	-1	-3.80063
-1	-1	-3.70248
-1	-1	-5.4497
-1	-1	-5.76355
-1	-1	-3.19584
-1	-1	-4.53783
-1	-1	-4.49061
-1	-1	-4.30527
-1	-1	-4.33138
-1	-1	-2.19865
-1	-1	-3.99867
-1	-1	-3.64342
-1	-1	-3.21639
-1	-1	-2.84015
-1	-1	-3.76868
-1	-1	-5.43873
-1	-1	-4.07646
-1	-1	-4.6933
-1	-1	-3.46299
-1	-1	-3.74883
-1	-1	-5.30901
-1	-1	-3.14225
-1	-1	-4.5798
-1	-1	-4.45023
-1	-1	-2.70067
-1	-1	-3.54389
-1	-1	-4.30932
-1	-1	-3.83008
-1	-1	-2.91728
-1	-1	-1.95172
-1	-1	-3.92463
-1	-1	-3.91776
-1	-1	-4.2942
-1	-1	-5.47384
-1	-1	-4.4642
-1	-1	-3.70626
-1	-1	-5.36381
-1	-1	-1.75406
-1	-1	-3.14707
-1	-1	-3.82959
-1	-1	-4.86892
-1	-1	-2.71786
